```py
import numpy,scipy.special
EP0=8.854187817*10**(-12) #真空介电常数F/m
H=6.62607015*10**(-34)
HBAR=H/(2*numpy.pi)
E=1.6*10**(-19)
C=3*10**8
PI=numpy.pi
PI2=numpy.pi*2

mm=10**(-3)
um=10**(-6)
nm=10**(-9)
pm=10**(-12)
fm=10**(-15)
km=10**3
mhz=10**6
ghz=10**9

print("设置常量")
```